1
215.3	453.73
206.31	510.66
429.55	515.16
440.04	456.72
2
163	311
171	360
351	362
343	314
3
180	344
176	397
402	406
406	348
4
208	369
208	425
424	425
426	370
5
182	316
181	373
404	378
407	320
6
206.5	382.25
206.5	440.75
439	434.75
440.5	371.75
7
190	327
191	383
402	380
400	324
8
259	535.25
251.5	620.75
559	616.25
568	533.75
9
206.75	446.25
202.25	504.75
425.75	503.25
431.75	447.75
10
168.82	397.01
165.82	447.98
374.2	468.97
374.2	419.5
11
196.1	503.21
185.61	560.17
446.42	602.14
456.91	540.69
12
254.36	500.21
252.86	558.65
494.1	563.14
501.59	503.21
13
178	344
177	392
349	419
350	365
14
235.11	518.45
227.61	582.91
471.97	578.41
479.47	513.95
15
185.31	404.52
185.31	462.98
407.18	464.48
407.18	407.51
16
208.25	428.75
209.75	484.25
431.75	488.75
434.75	430.25
17
233.61	600.7
242.6	686.15
567.91	684.65
566.41	602.2
18
401	925
386	1048
911	1063
923	949
19
417.14	814.98
437.12	920.91
894.83	936.9
882.84	824.98
20
428	947
434	1064
914	1085
920	971
21
253.13	725.02
245.13	836.95
562.92	818.96
568.92	721.02
22
236.75	510.75
233.75	582.75
509.75	584.25
515.75	515.25
23
142.25	407.5
143.75	472
397.25	469
394.25	400
24
178	408
179	467
404	466
400	400
25
246.8	442.03
249.8	519.99
491.18	530.49
488.18	455.52
26
211	386
218	440
446	433
441	377
27
228.75	406.25
227.25	481.25
506.25	470.75
513.75	400.25
28
166	413
171	477
399	470
391	408
29
214	421
225	477
444	439
436	380
30
433.13	642.99
451.12	728.92
858.79	742.91
840.81	646.99
