1
265.12	656.42
266.62	774.86
720.89	774.86
722.39	648.93
2
281.61	639.93
283.11	759.87
731.38	767.37
737.38	644.43
3
281.61	657.92
283.11	780.86
728.39	779.36
738.88	656.42
4
272.61	591.95
271.11	717.89
737.38	732.88
750.87	600.95
5
280.11	576.96
278.61	693.9
716.39	693.9
720.89	581.46
6
326.59	609.95
323.59	722.39
753.87	726.89
753.87	609.95
7
278.61	596.45
280.11	704.4
708.9	698.4
710.4	585.96
8
289.11	609.95
296.6	716.39
713.39	719.39
717.89	608.45
9
290.6	650.43
290.6	765.87
716.39	764.37
722.39	644.43
10
313.09	626.44
314.59	737.38
758.37	747.88
765.87	624.94
11
259.12	606.95
259.12	722.39
675.91	746.38
678.91	618.94
12
296.6	621.94
295.1	740.38
749.38	738.88
752.37	621.94
13
283.11	575.46
286.11	687.91
716.39	692.4
716.39	575.46